939
776 438
322 774
237 234
289 457
876 409
755 853
382 230
327 291
709 842
49 576
738 230
606 326
220 590
206 128
46 438
55 713
505 64
248 286
167 648
919 46
119 44
118 120
333 141
846 194
928 188
383 284
934 238
832 459
46 113
463 911
99 326
517 260
588 333
66 710
371 374
38 47
694 571
141 78
359 727
126 81
131 168
56 654
69 64
28 337
67 46
415 245
321 573
615 165
185 184
78 69
698 769
187 450
347 200
92 34
290 32
51 49
217 162
276 138
376 424
526 310
318 350
51 129
806 201
306 542
472 381
408 5
278 344
917 213
70 726
537 508
34 43
75 186
719 477
166 182
6 35
21 50
610 808
520 647
557 345
201 226
254 554
783 144
117 45
59 33
253 296
18 15
95 504
703 431
72 39
336 13
187 386
199 165
490 145
482 91
771 472
171 422
6 545
882 864
137 123
234 143
193 683
268 78
127 514
419 910
195 874
187 208
191 186
108 387
855 245
429 667
381 431
184 133
170 48
400 279
373 168
795 782
831 373
695 162
242 614
150 414
419 326
238 925
110 66
70 134
385 112
627 139
391 429
547 425
125 173
924 812
133 294
156 147
204 90
564 428
90 14
238 24
414 432
920 516
150 4
519 384
520 406
586 646
493 310
113 309
576 784
46 263
302 245
281 60
484 587
138 366
5 6
626 306
254 622
569 361
540 31
492 465
158 220
349 234
96 219
750 563
515 801
95 62
133 868
7 666
411 445
871 63
888 526
23 64
181 394
11 8
379 650
758 531
103 160
918 603
568 475
138 499
14 36
716 87
340 391
490 509
7 203
117 152
297 266
228 411
770 588
926 810
312 11
73 7
890 594
193 269
134 192
718 126
485 446
6 22
134 157
198 368
321 106
71 131
412 132
401 556
110 937
56 146
68 475
43 56
714 754
127 164
473 258
112 788
172 16
32 63
122 223
163 145
524 245
853 858
455 47
14 12
230 7
523 155
223 816
285 127
532 723
52 162
443 673
100 51
325 478
316 804
9 37
215 313
24 101
198 266
169 892
422 762
24 912
616 333
57 56
258 563
112 89
896 621
513 343
484 373
452 359
330 131
921 70
3 2
802 201
699 797
37 87
696 671
732 59
24 681
28 427
231 194
210 100
540 658
306 444
252 111
770 927
176 228
316 413
122 262
196 28
281 360
357 141
748 357
259 704
236 86
174 98
759 107
403 386
471 5
28 15
638 497
467 284
21 19
55 79
31 66
229 295
88 791
370 162
674 905
751 680
296 541
195 640
359 118
156 577
195 101
233 819
428 12
351 137
574 447
548 238
229 189
397 351
678 432
57 448
82 12
149 181
857 417
295 608
254 72
273 843
1 65
70 54
56 500
501 82
68 306
6 863
719 922
218 148
207 50
518 421
686 923
812 190
558 320
609 76
264 434
220 441
128 197
187 69
121 15
12 5
100 361
162 495
916 305
430 362
236 310
541 584
135 786
79 93
305 777
768 323
27 595
445 511
10 25
27 14
47 103
124 104
675 735
130 32
122 25
97 66
342 753
134 586
661 651
936 694
62 29
480 585
279 835
68 61
470 821
108 377
717 473
659 123
218 264
159 6
16 668
356 600
26 635
875 488
130 852
684 379
59 118
190 406
867 82
332 709
891 765
660 241
544 205
707 217
200 211
96 543
93 180
32 80
171 28
26 31
848 395
304 75
224 197
838 822
17 32
95 288
423 525
344 536
88 78
27 52
737 418
189 426
898 86
512 565
216 51
169 598
192 421
142 73
89 55
464 59
3 325
767 335
73 102
18 81
140 61
460 420
712 183
137 593
584 655
34 479
642 218
195 562
273 864
702 747
514 527
742 900
224 779
790 472
649 691
194 41
338 468
514 592
42 7
256 59
466 15
119 363
663 599
342 245
757 727
664 578
267 532
561 551
70 259
442 380
376 155
19 188
675 120
16 258
620 715
151 84
90 305
576 740
461 60
820 825
637 189
316 161
899 135
83 303
610 168
35 153
701 480
92 202
616 633
179 278
252 814
39 128
37 177
913 214
88 272
234 365
406 685
537 538
167 19
491 477
518 854
395 133
105 72
20 733
352 44
692 490
839 42
643 796
198 298
728 906
308 354
213 194
338 162
109 3
399 437
486 243
725 662
200 41
225 250
54 37
331 118
269 851
98 56
7 8
409 391
608 764
624 824
291 850
46 248
284 205
317 94
369 173
93 687
316 339
89 240
99 209
245 219
451 144
72 75
371 902
605 194
51 58
108 133
636 325
669 563
828 95
120 261
932 142
15 17
41 26
628 935
599 799
372 549
660 688
568 939
179 16
21 364
689 647
483 604
221 46
255 69
446 339
267 239
468 686
84 1
210 794
6 10
154 74
111 83
530 437
123 26
40 46
569 594
872 31
210 346
416 122
2 15
194 483
293 289
560 76
894 277
99 232
628 162
22 375
488 230
470 455
709 840
445 476
498 399
312 841
417 38
775 423
337 458
559 270
399 220
501 700
238 535
242 785
33 11
247 54
217 275
582 439
382 698
374 474
430 454
830 410
755 598
665 180
174 324
132 319
884 65
203 847
270 258
115 22
515 581
201 596
108 697
47 99
534 793
292 677
334 271
603 215
549 631
425 400
371 120
938 34
335 45
620 623
63 555
909 628
273 172
156 729
579 245
734 573
355 37
410 265
287 73
571 325
883 373
348 240
65 136
887 124
670 275
205 32
25 26
893 216
119 507
232 510
17 865
90 201
328 580
321 533
324 567
800 398
439 653
93 837
274 105
85 17
299 113
591 473
144 69
512 132
92 107
818 691
516 343
453 99
71 10
7 61
462 390
7 515
836 849
362 724
396 230
702 589
251 247
385 901
137 679
16 23
477 497
222 85
436 521
16 108
261 282
865 933
32 165
56 116
145 5
494 481
690 370
20 44
706 531
479 502
671 304
388 318
9 328
811 472
125 45
342 760
915 617
37 487
307 217
120 315
140 183
125 787
152 291
155 149
784 869
659 731
387 644
643 89
877 70
389 69
10 212
5 3
24 601
381 119
187 242
96 143
154 257
310 566
870 464
420 904
313 674
404 761
43 292
873 2
499 809
207 503
14 19
855 879
223 613
279 7
353 282
69 166
579 676
822 679
496 178
844 318
384 744
139 634
127 639
104 13
405 908
38 33
393 183
152 572
114 127
214 207
599 382
43 602
30 175
507 621
98 138
30 21
836 400
311 112
456 69
158 62
405 708
622 862
7 20
8 443
189 407
880 358
24 16
2 1
300 54
374 861
379 146
199 625
224 243
223 903
198 459
30 714
447 360
826 109
244 53
2 289
856 478
914 713
220 552
402 1
651 89
711 146
746 87
810 576
168 356
318 263
150 227
20 148
699 71
367 550
463 383
721 439
39 60
3 469
189 71
68 198
682 40
440 113
101 834
668 745
7 6
477 225
766 676
449 881
261 656
363 433
6 235
332 169
897 110
607 476
116 308
416 531
418 672
134 246
803 516
362 270
572 817
148 506
49 45
86 15
51 55
17 74
142 392
176 148
56 680
345 240
553 423
77 54
88 135
18 551
266 358
91 611
343 173
149 143
147 19
233 123
264 889
340 211
449 617
620 348
594 778
644 815
390 146
83 31
773 279
662 447
418 133
489 2
3 34
532 929
545 722
782 403
66 866
772 681
91 50
727 756
47 323
465 395
6 322
109 629
348 749
13 96
401 187
618 431
765 421
35 743
94 190
106 100
180 320
308 522
372 245
720 65
253 80
98 657
694 741
32 53
23 76
186 578
829 121
318 341
807 230
161 33
368 449
249 277
61 380
633 845
45 37
813 216
114 21
3 4
504 645
481 360
781 98
314 153
528 501
780 679
384 186
578 823
644 763
808 886
597 495
16 139
556 742
632 570
363 805
530 798
462 649
151 225
820 391
693 23
257 736
404 167
630 220
3 367
771 860
193 163
258 730
249 133
390 792
40 38
435 570
201 239
301 47
398 118
6 705
241 73
930 136
329 297
739 586
197 575
283 236
534 521
34 215
529 523
165 859
265 114
379 405
169 108
583 201
26 728
508 418
641 452
436 432
87 94
241 878
180 885
29 9
730 833
80 178
247 752
420 110
733 895
150 423
10 39
125 132
619 343
